788205300006002,32768,58214.2057523,18.5360794,0.0484783612
788205300006002,32768,58214.2067361,18.689888,0.0544691086
788205300006002,32768,58215.2330556,18.5639095,0.0495063998
788205300006002,0,58216.2323148,18.6272392,0.0519366786
788205300006002,32768,58217.2484606,18.7342567,0.0563424751
788205300006002,0,58217.2513194,18.6338005,0.0521958396
788205300006002,0,58217.2522338,18.6361256,0.0522879884
788205300006002,0,58218.209919,18.6381531,0.0523685142
788205300006002,0,58218.2318056,18.6320324,0.0521258749
788205300006002,0,58218.2684722,18.581459,0.050167121
788205300006002,0,58219.2287847,18.7222595,0.0558292568
788205300006002,0,58219.2490046,18.6845474,0.0542481318
788205300006002,0,58219.2546065,18.6151028,0.051461
788205300006002,0,58221.2122454,18.6580734,0.0531668365
788205300006002,0,58221.2131713,18.6366425,0.0523085184
788205300006002,0,58221.2308218,18.6936188,0.0546240099
788205300006002,0,58221.2317361,18.4757938,0.0463322103
788205300006002,0,58221.272662,18.6652679,0.0534583591
788205300006002,32768,58224.2030903,18.6623459,0.0533397533
788205300006002,32768,58224.2040046,18.6736069,0.0537984185
788205300006002,32768,58224.2110532,18.8136768,0.0598674156
788205300006002,32768,58224.2119676,18.8413486,0.0611488223
788205300006002,0,58224.2496412,18.7028618,0.0550099276
788205300006002,0,58226.2621644,18.564867,0.0495421924
788205300006002,32768,58229.1948727,18.5890179,0.0504546873
788205300006002,0,58231.1801042,18.6432457,0.0525713526
788205300006002,0,58231.2672569,18.6269417,0.0519249476
788205300006002,32768,58232.2014352,18.4053783,0.0439607911
788205300006002,32768,58232.2023495,18.3858967,0.0433295444
788205300006002,0,58243.1849884,18.6873417,0.054363627
788205300006002,0,58244.1840972,18.7124901,0.0554150119
788205300006002,32768,58245.1651852,18.7552299,0.0572516471
788205300006002,32768,58245.166169,18.6396828,0.0524293445
788205300006002,0,58246.2208218,18.6108627,0.0512959249
788205300006002,0,58247.2270949,18.6655254,0.0534688234
788205300006002,0,58249.2386227,18.6598778,0.0532397628
788205300006002,0,58250.2224306,18.624054,0.051811371
788205300006002,0,58254.1770255,18.6425323,0.05254291
788205300006002,0,58254.1845602,18.6302757,0.0520564355
788205300006002,0,58256.2817593,18.6135807,0.0514016636
788205300006002,0,58258.2025231,18.6397476,0.0524319559
788205300006002,0,58277.2615278,18.6439514,0.0525995307
788205300006002,0,58278.2465509,18.6519699,0.0529208519
788205300006002,0,58279.179537,18.6277752,0.0519578196
788205300006002,0,58279.1837616,18.6071911,0.0511534587
788205300006002,0,58280.1975231,18.5973721,0.050774619
788205300006002,0,58281.2014931,18.6076508,0.0511712842
788205300006002,0,58283.2202894,18.6036911,0.0510180555
788205300006002,0,58284.1973958,18.6160126,0.0514964797
788205300006002,0,58288.2447685,18.6163788,0.0515108109
788205300006002,0,58291.249919,18.5966434,0.0507465899
788205300006002,0,58294.2344444,18.6554756,0.0530619435
788205300006002,0,58297.2554861,18.6034603,0.051009167
788205300006002,0,58301.1784259,18.663229,0.053375531
788205300006002,0,58305.1827662,18.644043,0.0526031964
788205300006002,0,58312.1995023,18.6575584,0.0531460308
788205300006002,0,58422.5358796,18.7018356,0.054966934
788205300006002,0,58423.5326042,18.668541,0.0535915308
788205300006002,0,58423.5335185,18.8114929,0.0597674698
788205300006002,0,58424.5285764,18.702486,0.054994192
788205300006002,0,58425.4760417,18.7579346,0.0573700219
788205300006002,0,58426.5286343,18.6870193,0.0543502569
788205300006002,0,58426.5295486,18.7642899,0.0576491654
788205300006002,0,58427.4892245,18.7012005,0.0549403317
788205300006002,32768,58429.5084722,18.7378254,0.0564960651
788205300006002,32768,58429.5117477,18.776226,0.0581773184
788205300006002,0,58430.4762037,18.7356548,0.0564026199
788205300006002,0,58431.5483218,18.6639366,0.0534042716
788205300006002,0,58432.5459954,18.7665939,0.0577507317
788205300006002,0,58432.5469444,18.7925491,0.0589077771
788205300006002,0,58434.490162,18.7141342,0.0554844886
788205300006002,0,58437.5319907,18.7145977,0.055504106
788205300006002,0,58438.5262037,18.731411,0.0562203005
788205300006002,0,58440.5278588,18.7316742,0.0562315471
788205300006002,0,58440.5297338,18.7443161,0.0567766204
788205300006002,32768,58441.535463,18.7947903,0.0590088107
788205300006002,0,58442.5291667,18.7362041,0.0564262159
788205300006002,0,58443.4303472,18.7287292,0.0561053939
788205300006002,0,58443.4312616,18.7381783,0.0565112829
788205300006002,0,58447.4675926,18.7085114,0.0552472137
788205300006002,0,58447.4704051,18.6706963,0.0536794327
788205300006002,0,58448.4919097,18.6936989,0.0546273328
788205300006002,0,58448.5518981,18.7084217,0.0552434549
788205300006002,0,58449.529919,18.7578106,0.0573645942
788205300006002,0,58455.4680671,18.7649384,0.0576777309
788205300006002,32768,58455.5258333,18.7247467,0.0559352264
788205300006002,0,58465.5102315,18.7511711,0.0570745394
788205300006002,0,58468.512662,18.7558174,0.0572773479
788205300006002,0,58471.5532639,18.8228683,0.060289979
788205300006002,0,58472.5499653,18.7817993,0.0584256388
788205300006002,0,58472.5508796,18.7571068,0.0573337935
788205300006002,0,58474.4914468,18.8417244,0.0611664094
788205300006002,0,58476.4797917,18.9031734,0.0641141757
788205300006002,0,58486.4924884,18.6899891,0.0544732586
788205300006002,0,58486.4934028,18.7447033,0.0567934141
788205300006002,0,58487.5398727,18.7684193,0.0578313097
788205300006002,0,58491.5567477,18.7674923,0.0577904023
788205300006002,0,58491.557662,18.7100296,0.0553111956
788205300006002,0,58492.4885764,18.7203026,0.0557459891
788205300006002,0,58493.5134954,18.6764069,0.0539131351
788205300006002,0,58502.5335417,18.7976723,0.0591390207
788205300006002,0,58502.534456,18.8554535,0.0618127994
788205300006002,0,58503.4897569,18.7170296,0.0556070954
788205300006002,0,58505.5092708,18.6284122,0.0519829094
788205300006002,0,58505.5102546,18.6490936,0.0528053492
788205300006002,0,58508.4826505,18.9108257,0.0644912571
788205300006002,0,58508.4835532,18.6830845,0.0541877225
788205300006002,0,58509.4851968,18.7491302,0.05698568
788205300006002,0,58511.3858218,18.7965164,0.0590867475
788205300006002,32768,58513.4473264,18.3994713,0.0437682457
788205300006002,32768,58514.4067014,18.5807514,0.0501402728
788205300006002,32768,58514.4076157,18.9040222,0.0641558766
788205300006002,0,58524.4705787,18.725729,0.0559771433
788205300006002,0,58534.3624306,18.638916,0.0523988493
788205300006002,0,58534.3633449,18.5717144,0.0497990288
788205300006002,32768,58538.3478704,18.5084038,0.0474795587
788205300006002,0,58540.3249537,18.6233006,0.0517817847
788205300006002,0,58543.3485648,18.9122467,0.0645615235
788205300006002,0,58556.2210185,18.8490906,0.0615123399
788205300006002,0,58556.2219213,18.7692184,0.0578666665
788205300006002,0,58558.2928588,18.9236717,0.0651292279
788205300006002,0,58561.1857523,18.7451134,0.0568111949
788205300006002,0,58562.3452199,18.7440624,0.0567656197
788205300006002,0,58562.3517824,18.6934929,0.0546188131
788205300006002,0,58567.2404051,18.8620529,0.0621259958
788205300006002,0,58572.2790394,18.7757568,0.0581564978
788205300006002,0,58572.281331,18.8250542,0.0603908822
788205300006002,0,58573.2618519,18.8700294,0.0625066906
788205300006002,32768,58575.2427199,18.8622398,0.0621349029
788205300006002,32768,58575.2436227,18.9366684,0.065781109
788205300006002,0,58580.2199306,18.8395329,0.0610638894
788205300006002,0,58580.2208333,18.8550339,0.0617929325
788205300006002,0,58581.245463,18.8501167,0.0615606979
788205300006002,0,58582.2411343,18.8656902,0.0622992851
788205300006002,0,58583.2634028,18.8585911,0.0619615056
788205300006002,0,58583.2656944,18.9225864,0.0650750548
788205300006002,0,58584.302662,18.8492317,0.0615190119
788205300006002,0,58585.3073264,18.876133,0.0627996102
788205300006002,0,58586.2225231,18.8509178,0.0615984723
788205300006002,0,58586.2249537,18.8804016,0.0630052984
788205300006002,0,58587.2798843,18.9276085,0.0653259829
788205300006002,32768,58588.1630787,18.815567,0.0599540807
788205300006002,0,58589.1976157,18.7967892,0.0590990931
788205300006002,32768,58589.1994792,18.9531994,0.0666197166
788205300006002,0,58591.3439236,18.9076576,0.0643348619
788205300006002,0,58592.2392361,18.840065,0.061088752
788205300006002,0,58592.2406366,18.8602676,0.0620410815
788205300006002,0,58594.1601273,18.8267288,0.0604683384
788205300006002,0,58597.323912,18.8395119,0.0610628873
788205300006002,0,58599.1636458,18.8562946,0.0618526526
788205300006002,0,58599.1646181,18.8625336,0.062148843
788205300006002,0,58601.2640856,18.7931252,0.05893372
788205300006002,32768,58602.2428819,18.7209244,0.0557724498
788205300006002,0,58606.1945602,18.8080349,0.0596095622
788205300006002,0,58606.2000579,18.8188324,0.0601040386
788205300006002,0,58607.2343981,18.8084011,0.0596263073
788205300006002,0,58608.2433102,18.7956867,0.0590492748
788205300006002,0,58612.2046181,18.7632408,0.0576029867
788205300006002,0,58612.2055324,18.7995338,0.0592232421
788205300006002,0,58616.1645949,18.8836975,0.0631646067
788205300006002,0,58616.178287,18.719595,0.0557159595
788205300006002,0,58617.2570833,18.8327961,0.0607498102
788205300006002,32768,58618.2994907,18.6983719,0.0548220873
788205300006002,0,58632.1834144,18.807991,0.0596076101
788205300006002,0,58633.1754977,18.7191887,0.0556986891
788205300006002,0,58633.1764005,18.8114929,0.0597674698
788205300006002,0,58634.2591782,18.7343521,0.0563465767
788205300006002,0,58635.2426389,18.7630444,0.057594385
788205300006002,0,58639.1841898,18.7318745,0.0562401414
788205300006002,0,58642.218588,18.7721939,0.0579983667
788205300006002,0,58648.2040509,18.7400265,0.0565910712
788205300006002,0,58651.2392593,18.7472477,0.0569038019
788205300006002,0,58654.18,18.733078,0.0562918223
788205300006002,0,58658.1873032,18.6693897,0.0536261313
788205300006002,0,58661.202581,18.6952171,0.0546905436
788205300006002,0,58667.2218056,18.6661854,0.0534956306
788205300006002,0,58670.1847106,18.6514244,0.0528989062
788205300006002,0,58673.1998843,18.6414413,0.0524994209
788205300006002,0,58676.2015046,18.6688995,0.0536061525
788205300006002,0,58677.2008218,18.6593475,0.0532182939
788205300006002,0,58679.1988079,18.7588997,0.0574123487
788205300006002,0,58776.5084259,18.6465645,0.0527040027
788205300006002,0,58785.5079861,18.6838627,0.0542198345
788205300006002,0,58792.5129514,18.6616726,0.0533124544
788205300006002,0,58804.5519329,18.690794,0.0545066893
788205300006002,0,58806.5531713,18.6461182,0.052686166
788205300006002,0,58812.5624421,18.6133842,0.0513940565
788205300006002,0,58828.4272801,18.6383514,0.0523764305
788205300006002,0,58831.4502199,18.5454025,0.0488200635
788205300006002,0,58833.4347106,18.5921669,0.0505749919
788205300006002,0,58834.5093287,18.5024643,0.0472682044
788205300006002,0,58837.4458218,18.5634346,0.0494886711
788205300006002,0,58846.4685069,18.6644516,0.0534251854
788205300006002,0,58846.469456,18.6115742,0.0513235889
788205300006002,0,58850.4958102,18.6380577,0.0523647219
788205300006002,0,58851.4917708,18.5695992,0.0497195534
788205300006002,0,58852.4456019,18.6366959,0.052310653
788205300006002,0,58852.452581,18.6671352,0.0535342842
788205300006002,0,58853.5488194,18.6605854,0.0532684177
788205300006002,0,58854.4721875,18.6876984,0.0543783791
788205300006002,0,58855.5308218,18.6166592,0.0515217558
788205300006002,0,58855.5317245,18.6201401,0.0516578704
788205300006002,0,58859.2862153,18.553875,0.0491329804
788205300006002,0,58859.4552546,18.6862183,0.0543171242
788205300006002,0,58860.3053009,18.6939201,0.0546365567
788205300006002,0,58860.3605324,18.5829201,0.0502225347
788205300006002,0,58860.3638889,18.7343788,0.0563477017
788205300006002,0,58861.5260764,18.5356464,0.0484625213
788205300006002,0,58862.3605671,18.6134605,0.0513970256
788205300006002,0,58863.3597222,18.6447105,0.0526298657
788205300006002,0,58863.3606713,18.6090832,0.051226858
788205300006002,0,58864.3290394,18.6751156,0.0538602136
788205300006002,0,58866.3634491,18.6448307,0.0526346788
788205300006002,0,58866.3643981,18.6417503,0.0525117293
788205300006002,0,58867.496875,18.6923466,0.0545711331
788205300006002,0,58871.4932176,18.5786839,0.050061997
788205300006002,0,58871.4964236,18.6406937,0.0524695963
788205300006002,0,58871.4973264,18.6802139,0.0540694892
788205300006002,0,58873.2987269,18.6409569,0.052480083
788205300006002,0,58873.2996875,18.6551113,0.0530472919
788205300006002,0,58874.32125,18.6399956,0.0524418242
788205300006002,0,58874.3227546,18.7105598,0.05533351
788205300006002,0,58874.3252894,18.6663666,0.0535029992
788205300006002,0,58875.3063079,18.6695824,0.0536340028
788205300006002,0,58875.3072685,18.6865768,0.0543319695
788205300006002,0,58876.3290509,18.6406021,0.0524659827
788205300006002,0,58877.3196528,18.6019669,0.0509515107
788205300006002,0,58877.3229977,18.6302948,0.0520571806
788205300006002,0,58877.3238889,18.6526394,0.0529477373
788205300006002,0,58878.3254745,18.6024132,0.0509687066
788205300006002,0,58878.3282639,18.6411057,0.0524860211
788205300006002,0,58879.340706,18.7647381,0.0576689057
788205300006002,0,58879.3416667,18.5570755,0.0492517129
788205300006002,0,58880.3465741,18.6847382,0.0542559996
788205300006002,0,58880.3475347,18.6482754,0.0527725145
788205300006002,0,58880.3484259,18.6892433,0.0544423684
788205300006002,0,58881.3630093,18.5947208,0.0506728478
788205300006002,0,58881.3639583,18.6406212,0.0524667427
788205300006002,0,58883.5105208,18.6150284,0.0514581166
788205300006002,0,58883.5114236,18.6370392,0.0523242839
788205300006002,0,58883.5123264,18.6373978,0.0523385331
788205300006002,0,58884.4865856,18.7535801,0.0571795702
788205300006002,0,58884.4874884,18.6271267,0.0519322716
788205300006002,0,58885.2391551,18.590662,0.0505174659
788205300006002,0,58885.2400579,18.5257587,0.0481031537
788205300006002,0,58886.301713,18.6006908,0.0509023294
788205300006002,0,58886.302662,18.6137981,0.0514101684
788205300006002,0,58886.3051273,18.6084137,0.0512008667
788205300006002,0,58888.4242824,18.7041607,0.0550643615
788205300006002,0,58888.4265741,18.7214184,0.0557934418
788205300006002,0,58890.4251042,18.5504513,0.0490062758
788205300006002,0,58890.4260069,18.6532707,0.0529731661
788205300006002,0,58890.4273958,18.5790634,0.0500763394
788205300006002,0,58891.3257986,18.6058006,0.0510996394
788205300006002,0,58891.3267477,18.6873779,0.0543651022
788205300006002,0,58892.2992014,18.6796188,0.0540450215
788205300006002,0,58892.3001505,18.6245098,0.051829271
788205300006002,0,58893.3015046,18.665411,0.0534641743
788205300006002,0,58893.3024074,18.707449,0.0552025214
788205300006002,0,58893.3084375,18.7030697,0.0550186187
788205300006002,0,58893.3293866,18.6613369,0.0532988347
788205300006002,0,58894.2805556,18.6619587,0.0533240512
788205300006002,0,58894.2849074,18.6548958,0.0530385934
788205300006002,0,58895.4498264,18.6828003,0.0541760288
788205300006002,0,58895.4512384,18.6610279,0.0532863326
788205300006002,0,58896.2986111,18.7027321,0.0550044812
788205300006002,0,58896.2995718,18.6526337,0.0529475026
788205300006002,0,58896.3014352,18.6843948,0.0542418323
788205300006002,0,58898.3673727,18.7399025,0.0565857179
788205300006002,0,58898.3683449,18.637352,0.0523366854
788205300006002,0,58899.342338,18.6720295,0.0537339225
788205300006002,0,58899.3432292,18.6461735,0.0526883528
788205300006002,0,58900.2637963,18.6715336,0.0537136607
788205300006002,0,58900.2665509,18.7171535,0.0556123443
788205300006002,0,58903.3882292,18.6781788,0.0539858378
788205300006002,0,58903.3891319,18.7380142,0.0565042384
788205300006002,0,58904.2195602,18.7088223,0.0552603193
788205300006002,0,58904.220463,18.6700058,0.0536512695
788205300006002,0,58905.2382176,18.6456604,0.0526678525
788205300006002,0,58905.2402083,18.6842041,0.0542339534
788205300006002,0,58906.2426042,18.6827774,0.0541750938
788205300006002,0,58906.2435185,18.6074181,0.0511622801
788205300006002,0,58909.3218287,18.6681862,0.0535771064
788205300006002,0,58909.3227894,18.682888,0.054179661
788205300006002,0,58911.2383102,18.6397209,0.0524308644
788205300006002,0,58911.240162,18.6683044,0.0535819083
788205300006002,0,58912.4082407,18.6914024,0.054531917
788205300006002,0,58912.4120718,18.6656208,0.0534727052
788205300006002,0,58913.2402662,18.6726723,0.0537601858
788205300006002,0,58913.2426968,18.632576,0.0521473736
788205300006002,0,58914.3598611,18.6649246,0.0534444079
788205300006002,0,58914.3608218,18.6572247,0.0531325489
788205300006002,0,58915.3879745,18.6459579,0.0526797213
788205300006002,0,58915.3889815,18.6562996,0.0530952215
788205300006002,0,58917.4281366,18.4241352,0.044578582
788205300006002,0,58939.211794,18.6742992,0.0538267642
788205300006002,0,58939.2183565,18.7238312,0.0558961853
788205300006002,32768,58940.2402894,18.6711597,0.0536983721
788205300006002,0,58941.2226389,18.7056923,0.0551286563
788205300006002,0,58944.347963,18.6660843,0.0534915589
788205300006002,0,58944.3665162,18.5902939,0.0505033955
788205300006002,0,58954.2123843,18.6697941,0.0536426604
788205300006002,0,58954.213287,18.7280483,0.0560762733
788205300006002,0,58955.2259722,18.7171879,0.0556137636
788205300006002,0,58956.2581829,18.6897469,0.0544632189
788205300006002,0,58956.2918981,18.6833,0.0541966222
788205300006002,0,58962.2582292,18.6629601,0.0533646531
788205300006002,0,58962.2601042,18.6136398,0.0514039844
788205300006002,0,58964.2574537,18.6958485,0.0547168702
788205300006002,0,58965.1879514,18.7024364,0.0549921021
788205300006002,32768,58966.2051389,18.6514568,0.0529002026
788205300006002,0,58967.1718171,18.7081165,0.0552306101
788205300006002,0,58968.1951389,18.6753654,0.0538704172
788205300006002,0,58968.1960764,18.6598759,0.0532397106
788205300006002,0,58969.1871065,18.7042675,0.0550688617
788205300006002,0,58971.1613889,18.6282635,0.0519770384
788205300006002,0,58971.202581,18.7132206,0.0554458313
788205300006002,0,58971.2035185,18.7371101,0.0564652421
788205300006002,0,58972.1987269,18.7744808,0.058099784
788205300006002,0,58972.2056713,18.6280575,0.0519689023
788205300006002,0,58973.1823032,18.7046127,0.0550833717
788205300006002,0,58974.2360995,18.6835442,0.0542067029
788205300006002,0,58975.1769676,18.6762772,0.0539078005
788205300006002,0,58976.2867593,18.6306553,0.0520714521
788205300006002,0,58978.225544,18.63521,0.0522516705
788205300006002,0,58980.2835069,18.720211,0.0557420887
788205300006002,0,58980.2856597,18.6379566,0.0523606949
788205300006002,0,58981.2266551,18.6466293,0.0527066253
788205300006002,0,58986.2704861,18.6768456,0.0539311245
788205300006002,0,58987.1775926,18.6487255,0.0527905822
788205300006002,0,58991.2196412,18.6634159,0.0533831306
788205300006002,0,58991.2205787,18.7456036,0.0568324365
788205300006002,0,58992.2486458,18.6939812,0.0546390899
788205300006002,0,58995.2414583,18.6470642,0.0527240001
788205300006002,0,58995.2443866,18.6914959,0.0545357764
788205300006002,0,58996.245162,18.6870728,0.0543524772
788205300006002,32768,58998.2295139,18.6174355,0.051552061
788205300006002,0,58999.278125,18.6367302,0.0523120202
788205300006002,0,59004.245787,18.636301,0.0522949845
788205300006002,0,59009.1837847,18.6227512,0.0517602153
788205300006002,0,59017.2418171,18.6393051,0.0524143577
788205300006002,0,59020.2434838,18.7092876,0.0552799031
788205300006002,0,59026.1991435,18.6741829,0.053821981
788205300006002,0,59029.2277778,18.6740685,0.0538172983
788205300006002,0,59032.2200347,18.7162857,0.055575572
788205300006002,0,59040.207037,18.7014141,0.054949265
788205300006002,0,59046.1713542,18.6388969,0.0523980856
788205300006002,0,59046.1762847,18.7442074,0.0567719229
788205300006002,0,59046.1812269,18.8007374,0.0592778027
788205300006002,0,59046.1861574,18.6002808,0.0508865304
788205300006002,0,59048.1701273,18.6864109,0.0543251149
788205300006002,0,59048.1750694,18.6539917,0.0530021936
788205300006002,0,59048.1800116,18.5970669,0.0507628955
788205300006002,0,59048.1849537,18.7719193,0.0579861589
788205300006002,0,59050.1690856,18.6715202,0.0537131242
788205300006002,0,59050.1740278,18.6584949,0.0531838425
788205300006002,0,59050.1789583,18.6953278,0.0546951629
788205300006002,0,59050.1838889,18.6852264,0.0542761385
788205300006002,0,59052.1758449,18.6587048,0.0531923212
788205300006002,0,59052.1806713,18.6878777,0.0543857776
788205300006002,0,59052.1855093,18.6971207,0.0547698997
788205300006002,0,59053.1729167,18.7113266,0.0553658977
788205300006002,0,59053.1733912,18.7318001,0.0562369674
788205300006002,0,59054.1802894,18.7294674,0.0561369807
788205300006002,0,59054.1807523,18.69067,0.0545015447
788205300006002,0,59056.1720602,18.6299896,0.0520451292
788205300006002,0,59056.1769444,18.6827602,0.0541743562
788205300006002,0,59056.1818287,18.7270889,0.056035243
788205300006002,0,59056.186713,18.6671371,0.0535343811
788205300006002,0,59060.1616319,18.8892918,0.0634359121
788205300006002,0,59060.1665046,18.7226143,0.0558443293
788205300006002,0,59060.1713657,18.6745567,0.0538373105
788205300006002,0,59060.1762384,18.644043,0.0526031964
788205300006002,0,59060.1810995,18.7009525,0.0549299605
788205300006002,0,59062.1621296,18.6921024,0.0545609817
788205300006002,0,59062.1670833,18.7238483,0.0558969527
788205300006002,0,59062.172037,18.6541824,0.0530098826
788205300006002,0,59062.1769907,18.5236778,0.0480278805
788205300006002,0,59140.5316319,18.778801,0.0582919121
788205300006002,0,59142.5341782,18.667078,0.0535319597
788205300006002,0,59144.53375,18.7019825,0.0549730733
788205300006002,0,59150.5332639,18.6935902,0.0546228252
788205300006002,0,59152.472662,18.7561455,0.0572916903
788205300006002,0,59155.4758796,18.6929245,0.0545951612
788205300006002,0,59157.4969792,18.6387424,0.0523919798
788205300006002,0,59159.4949074,18.6835327,0.0542062074
788205300006002,0,59165.4311921,18.6640434,0.0534086302
788205300006002,0,59168.4478588,18.7539787,0.0571970046
788205300006002,0,59170.5391435,18.6352215,0.0522521436
788205300006002,0,59173.5175926,18.6246452,0.0518346131
788205300006002,32768,59175.5127778,18.7893829,0.058765348
788205300006002,0,59181.4990972,18.8040848,0.0594297573
788205300006002,0,59184.4886574,18.6723347,0.0537463948
788205300006002,0,59188.3872106,18.7113762,0.0553679578
788205300006002,0,59193.4091551,18.6203194,0.051664874
788205300006002,0,59193.5124421,18.5865669,0.0503612496
788205300006002,0,59195.5143056,18.603981,0.0510292947
788205300006002,0,59198.4452315,18.663187,0.0533738397
788205300006002,0,59200.5316898,18.6853561,0.0542815104
788205300006002,0,59203.4876389,18.7032242,0.0550251193
788205300006002,0,59215.4464583,18.4817181,0.046538312
788205300006002,0,59217.3929398,18.6072807,0.0511569679
788205300006002,0,59219.466331,18.6339149,0.0522003621
788205300006002,0,59223.4786343,18.6183071,0.051586125
788205300006002,0,59225.4039352,18.5631695,0.0494787432
788205300006002,0,59227.3746528,18.6123009,0.0513518751
788205300006002,0,59229.4265509,18.7057533,0.0551312156
788205300006002,0,59231.4748727,18.672884,0.0537688658
788205300006002,0,59250.3844213,18.6525002,0.0529421344
788205300006002,0,59252.3088426,18.6170483,0.0515369289
788205300006002,0,59254.4077315,18.6241169,0.0518138595
788205300006002,0,59256.3871759,18.6198978,0.051648397
788205300006002,0,59258.3468403,18.6122665,0.0513505302
788205300006002,0,59262.3446528,18.6032066,0.050999362
788205300006002,0,59264.3671759,18.5468559,0.0488736145
788205300006002,0,59266.3296181,18.5422173,0.0487030074
788205300006002,0,59268.3468519,18.5524788,0.0490812249
788205300006002,0,59270.3498148,18.5638256,0.0495032817
788205300006002,0,59271.4785764,18.6721458,0.0537386499
788205300006002,0,59272.2291088,18.5052586,0.0473674908
788205300006002,0,59272.3199306,18.5346851,0.04842747
788205300006002,0,59272.5003241,18.6794891,0.054039672
788205300006002,0,59273.2192361,18.4973793,0.0470881425
788205300006002,0,59274.3637847,18.6720543,0.0537349433
788205300006002,0,59274.408831,18.6258469,0.0518818721
788205300006002,0,59274.5147917,18.6632366,0.0533758737
788205300006002,0,59275.3481944,18.594471,0.0506632514
788205300006002,0,59276.3487963,18.6269836,0.0519266315
788205300006002,0,59276.4061806,18.5737038,0.0498739369
788205300006002,0,59280.2754977,18.6392326,0.0524114631
788205300006002,0,59280.2783565,18.6086159,0.0512087271
788205300006002,0,59280.3032639,18.65979,0.0532362387
788205300006002,0,59281.2192593,18.6669846,0.0535281748
788205300006002,0,59290.2646759,18.6197052,0.0516408309
788205300006002,0,59290.3444676,18.6464043,0.0526976064
788205300006002,0,59290.3628472,18.6638565,0.0534010306
788205300006002,0,59291.2459491,18.6729584,0.053771887
788205300006002,0,59291.3607523,18.5997162,0.050864771
788205300006002,0,59292.2332407,18.6318779,0.0521197431
788205300006002,0,59292.3439815,18.6693115,0.0536229722
788205300006002,0,59292.3629282,18.5812798,0.0501602888
788205300006002,0,59293.1918171,18.6396046,0.0524262637
788205300006002,0,59293.2410995,18.6330185,0.0521648712
788205300006002,0,59294.2036574,18.595932,0.0507193133
788205300006002,0,59295.2497454,18.6533089,0.0529747047
788205300006002,0,59295.267581,18.5882301,0.0504246242
788205300006002,0,59296.2434491,18.6302567,0.0520556793
788205300006002,0,59296.3650116,18.577116,0.0500027239
788205300006002,0,59297.2340856,18.5734806,0.0498655401
788205300006002,0,59297.2658449,18.6383152,0.052374959
788205300006002,0,59297.279375,18.6482391,0.0527710803
788205300006002,0,59298.4150231,18.6157494,0.0514862463
788205300006002,0,59300.4572106,18.8104858,0.0597214252
788205300006002,0,59301.1859259,18.6214714,0.0517100394
788205300006002,0,59302.2161458,18.7124062,0.0554114357
788205300006002,0,59302.2317824,18.7512722,0.0570789017
788205300006002,0,59302.4563542,18.6168804,0.0515303649
788205300006002,0,59304.1841667,18.66078,0.0532762855
788205300006002,0,59306.2580556,18.6075611,0.0511678234
788205300006002,0,59307.2375694,18.642868,0.0525562726
788205300006002,0,59308.2852431,18.6599731,0.0532436185
788205300006002,0,59308.2861806,18.6020813,0.0509559251
788205300006002,0,59309.242581,18.5681763,0.0496661328
788205300006002,0,59310.3221181,18.6080589,0.051187098
788205300006002,0,59310.3239931,18.6322823,0.0521357208
788205300006002,0,59311.1775231,18.6370316,0.0523239486
788205300006002,0,59312.3002315,18.635294,0.0522550307
788205300006002,0,59312.3013542,18.6468449,0.0527152158
788205300006002,0,59313.2221065,18.5726585,0.0498345606
788205300006002,0,59314.2619213,18.6420746,0.0525246561
788205300006002,0,59314.2628588,18.5920486,0.0505704768
788205300006002,0,59315.2407986,18.6376915,0.0523501821
788205300006002,0,59316.2949421,18.6174278,0.0515517816
788205300006002,0,59319.2201968,18.5889874,0.0504535101
788205300006002,0,59322.264213,18.6148777,0.051452212
788205300006002,0,59324.2169097,18.6569977,0.0531233586
788205300006002,0,59328.1853704,18.6472282,0.0527305827
788205300006002,0,59329.2447801,18.5413818,0.0486723967
788205300006002,0,59334.262581,18.6546516,0.0530287474
788205300006002,0,59335.2002778,18.5416851,0.0486835018
788205300006002,0,59336.3028819,18.6470757,0.0527244732
788205300006002,0,59336.3048843,18.5985203,0.0508187525
788205300006002,0,59338.2500579,18.6317787,0.0521158278
788205300006002,0,59339.2641898,18.6264954,0.0519073904
788205300006002,0,59340.278588,18.7073517,0.0551984124
788205300006002,0,59340.284294,18.6105785,0.0512848981
788205300006002,0,59341.2027894,18.6665936,0.053512264
788205300006002,0,59342.2816898,18.6661835,0.0534955822
788205300006002,0,59343.2019792,18.6322708,0.0521352999
788205300006002,0,59343.2038426,18.6030159,0.0509919934
788205300006002,0,59344.2108565,18.5902977,0.0505035296
788205300006002,0,59344.2118171,18.5478668,0.0489108711
788205300006002,0,59345.2045602,18.6407356,0.0524713024
788205300006002,0,59346.2838542,18.6887188,0.0544206314
788205300006002,0,59346.2882407,18.6765747,0.0539200231
788205300006002,0,59348.2009144,18.5748062,0.0499155037
788205300006002,0,59348.2032986,18.6143208,0.0514305085
788205300006002,0,59349.179213,18.5774975,0.0500171408
788205300006002,0,59350.2408218,18.5479259,0.0489130281
788205300006002,0,59350.2417477,18.6670647,0.0535314232
788205300006002,0,59353.200463,18.573555,0.0498683266
788205300006002,0,59354.2466088,18.5797291,0.0501015671
788205300006002,0,59354.2475463,18.5368366,0.0485060066
788205300006002,0,59355.19625,18.6903934,0.0544900671
788205300006002,0,59358.2853704,18.6156979,0.0514842011
788205300006002,0,59358.2877315,18.5719814,0.0498090796
788205300006002,0,59359.2220023,18.6401176,0.0524466634
788205300006002,0,59361.1835417,18.6766472,0.0539229587
788205300006002,0,59361.1861921,18.6899509,0.0544716753
788205300006002,0,59362.2477894,18.5816059,0.0501726754
788205300006002,0,59363.3254167,18.6469994,0.0527214184
788205300006002,0,59363.3272917,18.6472511,0.0527314916
788205300006002,0,59364.3293981,18.530035,0.0482582077
788205300006002,0,59366.2020833,18.609993,0.0512621664
788205300006002,0,59367.2179167,18.6542435,0.0530123264
788205300006002,0,59367.2188542,18.6038284,0.0510233976
788205300006002,0,59369.2000694,18.6716805,0.0537196472
788205300006002,0,59371.222338,18.7237797,0.055894006
788205300006002,0,59373.2200579,18.6919689,0.0545554385
788205300006002,0,59375.2236806,18.5963173,0.0507340953
788205300006002,0,59377.2171065,18.6276875,0.0519543439
788205300006002,0,59386.1977199,18.61763,0.0515596569
788205300006002,0,59402.2397569,18.6919708,0.0545555316
788205300006002,0,59423.1732292,18.5539055,0.0491340831
788205300006002,0,59423.1741667,18.5912018,0.0505381115
788205300006002,0,59423.1751157,18.6099091,0.0512588806
788205300006002,0,59423.1760532,18.6275768,0.0519499741
788205300006002,0,59423.1769907,18.6209164,0.0516882688
788205300006002,0,59424.1726505,18.5986176,0.0508224666
788205300006002,0,59424.1735995,18.6805897,0.0540849864
788205300006002,0,59424.174537,18.6190834,0.0516164787
788205300006002,0,59424.1754745,18.6048965,0.051064685
788205300006002,0,59424.1764236,18.6275482,0.0519488417
788205300006002,32768,59425.1715509,18.6819782,0.054142125
788205300006002,0,59425.1725694,18.5426655,0.0487194546
788205300006002,0,59425.1735995,18.5926666,0.0505941138
788205300006002,32768,59425.1746181,18.6302032,0.0520535558
788205300006002,0,59427.1710995,18.5764217,0.0499764681
788205300006002,0,59427.1725347,18.6115131,0.0513212271
788205300006002,0,59427.1739699,18.5903664,0.0505061746
788205300006002,0,59427.1754051,18.6666069,0.0535127968
788205300006002,0,59427.1768403,18.5352802,0.0484491661
788205300006002,0,59428.1703935,18.6016407,0.0509389117
788205300006002,0,59428.1718287,18.5647697,0.0495385788
788205300006002,0,59428.1732639,18.6267262,0.051916495
788205300006002,0,59428.1747106,18.5607548,0.0493886732
788205300006002,0,59428.1761458,18.6574497,0.0531416014
788205300006002,0,59509.4898495,18.5156803,0.0477399193
788205300006002,0,59518.5229977,18.5847569,0.0502923355
788205300006002,0,59522.4972569,18.5683842,0.0496739633
788205300006002,0,59524.474456,18.5703125,0.0497463271
788205300006002,0,59526.5178819,18.5841064,0.0502676368
788205300006002,0,59529.495463,18.5945187,0.0506650805
788205300006002,0,59530.4539815,18.5262718,0.0481217131
788205300006002,0,59532.4498611,18.6222305,0.0517397746
788205300006002,0,59536.4768866,18.5719948,0.0498096198
788205300006002,0,59540.5208102,18.5594254,0.0493391566
788205300006002,0,59600.3007292,18.7761955,0.0581759922
788205300006002,0,59600.363831,18.6775036,0.0539581366
788205300006002,0,59621.4560185,18.7407379,0.0566218123
788205300006002,0,59622.405463,18.6757107,0.0538845845
788205300006002,0,59622.526875,18.7036858,0.0550444573
788205300006002,0,59623.2651852,18.6885719,0.0544145592
788205300006002,0,59623.3490856,18.6778336,0.0539716892
788205300006002,0,59623.382338,18.7070656,0.0551863797
788205300006002,0,59624.3484491,18.7530193,0.0571551137
788205300006002,0,59624.4303472,18.7713451,0.0579607673
788205300006002,0,59625.160162,18.7357445,0.0564064682
788205300006002,0,59625.2866667,18.5968971,0.0507563464
788205300006002,0,59625.4584606,18.7540646,0.0572007596
788205300006002,0,59627.5292014,18.7704582,0.0579215065
788205300006002,0,59628.4081134,18.6781921,0.053986378
788205300006002,0,59628.4095602,18.6599445,0.0532424599
788205300006002,0,59628.4549306,18.7576447,0.0573573336
788205300006002,0,59629.3334144,18.7178574,0.0556421801
788205300006002,0,59629.4866319,18.6139946,0.0514178313
788205300006002,32768,59630.178588,18.3986359,0.0437411293
788205300006002,0,59630.4862847,18.6328106,0.0521566607
788205300006002,0,59636.3440972,18.6481247,0.0527664945
788205300006002,0,59636.4073727,18.636694,0.0523105562
788205300006002,0,59636.4083333,18.6489677,0.0528002791
788205300006002,32768,59637.3321181,18.7327309,0.0562769249
788205300006002,32768,59637.4031134,18.6200581,0.0516546443
788205300006002,0,59638.3936343,18.7726269,0.0580175482
788205300006002,0,59638.4731134,18.7038269,0.0550503582
788205300006002,0,59639.2428241,18.6944084,0.0546568967
788205300006002,0,59639.3007639,18.718029,0.0556494556
788205300006002,0,59639.4464583,18.7007504,0.0549215302
788205300006002,0,59640.3880556,18.6815262,0.0541235171
788205300006002,0,59640.4052662,18.6528263,0.0529552735
788205300006002,0,59641.2525347,18.7046108,0.0550832711
788205300006002,0,59641.3062963,18.6340027,0.0522038639
788205300006002,0,59641.3253588,18.6523857,0.0529375263
788205300006002,0,59671.3322569,18.6775284,0.053959161
788205300006002,0,59674.3298148,18.6327858,0.0521556735
788205300006002,0,59676.3713889,18.6357403,0.0522727109
788205300006002,0,59680.2394329,18.6957569,0.0547130443
788205300006002,0,59683.3609259,18.6078949,0.051180765
788205300006002,0,59685.2385185,18.6485214,0.0527824089
788205300006002,0,59688.3438889,18.6759701,0.0538951941
788205300006002,0,59690.2410417,18.6676521,0.0535553508
788205300006002,32768,59696.2620486,18.71278,0.0554272495
788205300006002,0,59699.281713,18.6589756,0.0532032549
788205300006002,0,59707.1813773,18.7121105,0.0553989522
788205300006002,0,59707.2210995,18.7232246,0.0558703281
788205300006002,0,59709.1934838,18.6750431,0.0538572334
788205300006002,0,59709.2643519,18.7575455,0.0573530048
788205300006002,0,59711.2831829,18.678524,0.0540000424
788205300006002,0,59713.2296065,18.7345123,0.0563534386
788205300006002,0,59715.2046759,18.6930408,0.0545999706
788205300006002,0,59718.1993866,18.6958828,0.054718256
788205300006002,0,59718.2639468,18.7828121,0.0584709123
788205300006002,0,59724.2631829,18.693409,0.054615289
788205300006002,0,59731.2887269,18.6905136,0.0544950105
788205300006002,0,59733.2213773,18.6331444,0.0521698706
788205300006002,0,59736.2009491,18.6527214,0.0529510491
788205300006002,0,59738.2420255,18.6444588,0.0526198186
788205300006002,0,59740.2012384,18.6619339,0.0533230305
788205300006002,0,59742.2472685,18.7441902,0.0567712002
788205300006002,32768,59888.4714931,18.7976322,0.0591371916
788205300006002,0,59893.4896759,18.7224083,0.0558355972
788205300006002,0,59897.4304398,18.6171074,0.0515392534
788205300006002,0,59901.5258912,18.8130474,0.0598385856
788205300006002,0,59903.4961574,18.7175198,0.0556278713
788205300006002,32768,59905.4281134,18.9837132,0.0681956932
788205300006002,0,59922.4531713,18.7945747,0.0589990765
788205300006002,32768,59933.4917593,18.6100063,0.0512626693
788205300006002,0,59937.3958681,18.7688751,0.0578514859
788205300006002,0,59966.3659838,18.7479134,0.0569327623
788205300006002,0,59968.3915625,18.7725849,0.0580156967
788205300006002,0,59971.4077083,18.7308922,0.0561980121
788205300006002,0,59977.3071528,18.6663303,0.0535015464
788205300006002,0,59983.3931481,18.676033,0.0538977794
788205300006002,0,59985.3953935,18.8795967,0.0629664809
788205300006002,0,60036.2627431,18.6581345,0.0531692877
788205300006002,0,60053.2412269,18.6613407,0.05329898
788205300006002,32768,60099.3162731,18.788166,0.0587106869
1791211200000391,0,58224.2463426,18.5729446,0.0538298786
1791211200000391,32768,58442.4151968,18.7124405,0.0596723892
1791211200000391,0,58448.4747569,18.7492294,0.0613206923
1791211200000391,0,58449.434375,18.772665,0.0623947419
1791211200000391,0,58476.4506481,18.7547226,0.0615707561
1791211200000391,0,58481.4669213,18.7005882,0.0591511205
1791211200000391,32768,58492.4587731,18.7588329,0.0617585443
1791211200000391,0,58493.4617708,18.7529297,0.0614890195
1791211200000391,0,58534.3334838,18.639122,0.0565225258
1791211200000391,0,58540.2661806,18.8404045,0.0656062439
1791211200000391,0,58557.2685417,18.8673611,0.0669290796
1791211200000391,0,58558.2111574,18.8801651,0.0675664619
1791211200000391,0,58582.2067014,18.8500404,0.0660761446
1791211200000391,32768,58589.2023958,18.836298,0.0654069707
1791211200000391,0,58592.2881713,18.9792919,0.0727002993
1791211200000391,0,58593.2634028,18.8222885,0.0647316575
1791211200000391,0,58602.2622106,18.8003216,0.0636866093
1791211200000391,0,58606.2384606,18.852932,0.0662178099
1791211200000391,0,58618.2114468,18.8967247,0.0683994368
1791211200000391,0,58833.4537847,18.6465778,0.0568347201
1791211200000391,0,58833.4542361,18.6502953,0.056991104
1791211200000391,0,58854.4580787,18.6741829,0.0580065846
1791211200000391,0,58854.4585301,18.6989574,0.0590797588
1791211200000391,0,58859.3078935,18.5927925,0.0546227656
1791211200000391,0,58859.3083449,18.6314468,0.0562030338
1791211200000391,0,58956.2837153,18.7866173,0.0630431473
1791211200000391,0,58956.2841667,18.7049961,0.0593444072
1791211200000391,0,58971.1632523,18.6504307,0.0569967739
1791211200000391,0,58971.1637269,18.6038036,0.0550680384
1791211200000391,0,58974.2651389,18.7213211,0.0600661114
1791211200000391,0,58976.2900347,18.7610035,0.0618579611
1791211200000391,0,58976.2905093,18.6269283,0.0560157932
1791211200000391,0,59055.1631829,18.7190285,0.0599641688
1791211200000391,0,59181.4136458,18.7435398,0.0610627569
1791211200000391,0,59181.4141088,18.6678696,0.057736367
1791211200000391,0,59182.4147569,18.6766129,0.0581109673
1791211200000391,0,59182.4152199,18.6709099,0.0578663573
1791211200000391,0,59215.3662269,18.502346,0.0511094593
1791211200000391,32768,59216.3678472,18.5025558,0.0511173196
1791211200000391,32768,59216.3683102,18.5794792,0.0540895611
1791211200000391,32768,59258.3296528,18.3041077,0.0442609861
1791211200000391,32768,59258.3301273,18.6757412,0.058073476
1791211200000391,0,59272.2857639,18.5825157,0.0542106628
